715898
715938
715982
716016
716036
716078
716095
716110
716131
716152
716166
716182
716195
716238
716260
716272
716307
716323
716391
716419
716433
716453
716480
716529
716544
716582
716601
716614
716631
716645
716674
716719
716747
716773
716788
716810
716829
716864
716899
716918
716933
716944
716963
716979
716990
717004
717020
717039
717055
717075
717089
717101
717119
717133
717146
717158
717174
717195
717212
717225
717245
717262
717274
717296
717318
717337
717355
717373
717384
717396
717413
717426
717439
717453
717468
717488
717501
717517
717529
717539
717549
717562
717580
717595
717610
717625
717638
717650
717663
717675
717685
717697
717711
717722
717738
717755
717770
717795
717813
717826
717838
717851
717867
717883
717897
717910
717925
717942
717966
717986
718011
718045
718060
718086
718121
718143
718165
718184
718197
718219
718231
718243
718256
718270
718291
718310
718332
718376
718410
718448
718480
737184
737292
759142
759416
759552
759654
759765
759870
759965
759986
760002
760090
760166
760213
760283
760333
760387
760454
760519
760580
760650
760726
760794
760842
760932
760994
761031
761079
761117
761174
761242
761363
761390
761439
761500
761592
761734
762404
762436
762463
762488
762517
762541
762561
762584
762604
762627
762649
762669
763237
763280
763325
763384
763424
763468
763517
763568
763610
763656
763695
763791
763874
763999
764064
764106
764169
764217
764274
764309
764403
764425
764572
764613
764663
764760
764829
764891
764949
765072
765164
765451
765508
765922
765976
766012
766060
766124
766190
766493
766520
766554
766599
766641
766703
766740
766791
766936
766971
767166
767350
767414
767494
767554
767620
767722
767768
767827
767884
767924
767956
767997
768027
768066
768238
768320
768354
768444
768625
768741
768907
768978
769118
769221
769249
769345
769403
769513
769745
769819
769880
769942
770036
770117
770229
770353
770555
770611
771253
771295
771341
771396
771453
771522
771577
771667
771767
771845
771878
771925
771997
772076
772132
772340
772439
772489
772533
772669
772860
772903
772935
772981
773047
773221
773281
773343
773424
773473
773507
773542
773736
773798
773904
773956
774012
774056
774106
774181
774235
774302
774389
774475
774578
774615
774639
774703
774744
774829
774878
774947
775031
775138
775183
775217
775262
775328
775352
775419
775511
775636
775773
775936
776020
776196
776289
776440
776630
776711
776843
777065
777224
777316
777751
777796
